"year" "MS.name" "dlhp" "dlpop" "dlstock" "v" "udl" "hp"
2009 "Zurich" 0.0286198 0.00966999999999985 0.0059643 0.00052610494104246 62.871118096121 852000
2009 "Glattal-Furttal" 0.0440826 0.0230899999999998 0.0107927 0.00918412732758724 31.8225357722428 655000
2009 "Limmattal" 0.0504704 0.0198900000000002 0.0280132 0.00800834746315378 35.183333 744000
2009 "Knonaueramt" 0.0489526 0.0203000000000007 0.0222473 0.00990340521026442 16.942257960474 646000
2009 "Zimmerberg" 0.0431495 0.0083599999999997 0.0111485 0.00466129148369448 29.2350513816105 849000
2009 "Pfannenstiel" 0.0055299 0.00910999999999973 0.0070467 0.0129979879275654 30.3097571310665 937000
2009 "Zurcher Oberland" 0.0189047 0.0166299999999993 0.0056486 0.0105141013485785 19.8466673499444 560000
2009 "Winterthur" 0.0588264 0.012179999999999 0.0104208 0.00700090888992606 17.9435350058983 554000
2009 "Weinland" 0.0169649 0.0142299999999995 0.0349283 0.00958977091102824 12.6993227120569 500000
2009 "Zurcher Unterland" 0.0133519 0.014619999999999 0.0308895 0.0129065108144606 19.2680486287652 571000
2009 "Bern" 0.035974 0.00485999999999898 0.0158091 0.00749427738233357 21.7801660373167 543000
2009 "Erlach-Seeland" 0.0585613 0.00915999999999961 0.0922298 0.0120087336244541 12.6595581090254 428000
2009 "Biel" 0.0648975 0.00894999999999868 0.0283976 0.0175214528038316 26.2706393264459 469000
2009 "Jura bernois" 0.0501242 -0.000540000000000873 0.0187588 0.0289367429340511 6.14874244104819 363000
2009 "Oberaargau" 0.0541029 0.00624999999999964 0.0465117 0.015813151585356 11.3639640644775 397000
2009 "Burgdorf" 0.0529714 0.00168999999999997 0.0292864 0.0125748158379374 9.18892618868543 425000
2009 "Oberes Emmental" -0.0084982 0.00172999999999845 0.0452852 0.0132739498733735 7.08642327001665 363000
2009 "Aaretal" 0.0404353 0.00614999999999988 0.038414 0.0145166611679314 10.6517661961238 478000
2009 "Schwarzwasser" 0.0551896 0.00155100000000097 0.0622959 0.0147115756871854 9.02332085240257 413000
2009 "Thun" 0.024951 0.0033499999999993 0.0475798 0.0042774310066221 22.6264231484502 490000
2009 "Saanen-Obersimmental" 0.0485411 0.00990100000000105 0.1315308 0.00360528775537455 29.0415731849017 601000
2009 "Kandertal" 0.0176139 0.00228899999999932 0.0747881 0.00595847686435155 53.6958029259071 437000
2009 "Oberland-Ost" 0.0320163 0.00643999999999956 0.0980778 0.00423550615800541 60.474223336778 464000
2009 "Grenchen" 0.0340924 0.000449999999998951 0.0114603 0.0188987927338373 17.326043136271 407000
2009 "Laufental" 0.0304966 0.00537999999999883 0.0415812 0.0105886276471569 9.15815558483028 539000
2009 "Luzern" 0.0244756 0.0110099999999989 0.0109634 0.00493209785752807 21.3415318837339 570000
2009 "Sursee-Seetal" 0.0329657 0.0151000000000003 0.0420599 0.00470039226295144 10.7620849435919 470000
2009 "Willisau" 0.0274534 0.00863999999999976 0.0417385 0.00896821941663039 7.75718425171114 426000
2009 "Entlebuch" -0.029108 0.00442300000000095 0.0407381 0.0101356619366911 12.3165439936884 404000
2009 "Uri" 0.0196514 0.00491000000000064 0.0373602 0.0072661217075386 70.8148075171683 456000
2009 "Innerschwyz" 0.0473804 0.00882999999999967 0.0795317 0.00736307807995989 33.5888514580568 612000
2009 "Einsiedeln" 0.0407681 0.00816000000000017 0.0625296 0.0141281560477623 18.8777219694465 523000
2009 "March" 0.0614963 0.00531999999999933 0.0531073 0.00618338343809784 16.738795771657 758000
2009 "Sarneraatal" 0.039237 0.0154399999999999 0.0541229 0.0051071836570123 20.1517761209254 502000
2009 "Nidwalden" 0.0436373 0.00409000000000148 0.0399704 0.00928326503303504 30.7899033925467 641000
2009 "Glarner Unterland" 0.026998 0.00648999999999944 0.01 0.001 40.6804453811659 383000
2009 "Glarner Hinterland" 0.03617 -0.00565499999999908 0.0096 0.00015 55.5069936403366 321000
2009 "Zug" 0.0531182 0.0045699999999993 0.0322275 0.00284180612567098 18.1032403062919 827000
2009 "La Sarine" 0.0560484 0.0155299999999983 0.0430593 0.0107538876865755 15.6757235285815 452000
2009 "La Gruyere" 0.0685568 0.0218499999999988 0.0456963 0.0091948658109685 20.0478158366096 437000
2009 "Sense" 0.0475874 0.00881000000000043 0.0412922 0.00823503227242377 12.7341253614095 435000
2009 "Murten" 0.0689011 0.0159200000000013 0.0490484 0.00670881176622371 13.2783443311117 450000
2009 "Glane-Veveyse" 0.0706496 0.0190399999999986 0.0420265 0.00395975332684193 8.27806941060411 443000
2009 "Olten" 0.0612435 0.00527999999999906 0.0304699 0.0164488407483663 17.6785118605972 440000
2009 "Thal" 0.0343227 -0.00860899999999987 0.0253859 0.0187999373335422 5.69829197189608 367000
2009 "Solothurn" 0.0479851 0.00516000000000005 0.0212059 0.0158936537470017 17.5518807713236 454000
2009 "Basel-Stadt" 0.0264263 0.00653999999999932 -0.0054121 0.00902075051899571 75.1011603833288 680000
2009 "Unteres Baselbiet" 0.0392489 0.00576999999999828 0.0013847 0.00498771774505281 40.7851088945816 710000
2009 "Oberes Baselbiet" 0.0138841 0.00600000000000023 0.0153818 0.005992158409982 10.6088589345281 524000
2009 "Schaffhausen" 0.0451927 0.00468000000000046 0.0181103 0.010206245692169 12.0406388969957 431000
2009 "Appenzell A.Rh." 0.0605764 -1.99999999992428e-05 0.0189466 0.0111880466472303 10.1005395663212 417000
2009 "Appenzell I.Rh." 0.0048871 0.00889500000000076 0.0183239 0.012846865364851 16.8282333819299 557000
2009 "St.Gallen" 0.0318732 0.00812999999999953 0.005353 0.0178731306164406 22.548406843223 454000
2009 "Rheintal" 0.0539093 0.00974000000000075 0.0358076 0.0128763789110038 22.0408162314209 389000
2009 "Werdenberg" 0.0451179 0.00580000000000069 0.0320101 0.0066936870547777 22.1162226368039 412000
2009 "Sarganserland" 0.0470104 0.0098199999999995 0.0911484 0.00912571225071225 35.9621279122245 434000
2009 "Linthgebiet" 0.0479541 0.00909999999999833 0.0368328 0.00714725233114025 14.7310796131191 553000
2009 "Toggenburg" 0.0317945 -0.00176999999999872 0.0291758 0.0163578274760383 12.7890561541399 361000
2009 "Wil" 0.0583124 0.0071500000000011 0.040719 0.014573010784028 14.03773585726 422000
2009 "Chur" 0.0007234 0.0122999999999998 0.0388947 0.00635802469135802 26.8860556952975 507000
2009 "Praettigau" 0.0102501 0.0034200000000002 0.1549873 0.0108911746909845 43.7349670612718 490000
2009 "Davos" 0.018209 0.00946900000000106 0.0514946 0.0040883785664579 57.9966979220371 898000
2009 "Schanfigg" -0.0810056 -0.00406200000000112 0.1305752 0.00172711571675302 31.76607017566 395000
2009 "Mittelbuenden" -0.0574155 0.0032110000000003 0.1220245 0.00895643913692496 48.8170864142422 462000
2009 "Viamala" -0.0259848 0.00744100000000003 0.0630836 0.00873362445414847 50.6086903314318 377000
2009 "Surselva" -0.0193849 -0.00398999999999994 0.0788345 0.00848673691115575 58.3292537363026 450000
2009 "Engiadina Bassa" -0.00375234961855053 0.00858500000000006 0.1431417 0.0102591082467447 61.1758219664433 484000
2009 "Oberengadin" 0.0109039817807304 0.00942000000000043 0.0932026 0.0039700240877866 73.0342506640454 709000
2009 "Mesolcina" -0.1392846 0.00723499999999966 0.0825462 0.0206947524020695 57.4501166881677 340000
2009 "Aarau" 0.0577555 0.0149399999999993 0.027565 0.0170366254485181 17.5845035821032 464000
2009 "Brugg-Zurzach" 0.0253391 0.00770000000000159 0.0344009 0.00972010774095327 17.1936529627222 461000
2009 "Baden" 0.0272903 0.0130199999999991 0.0208321 0.00633763764556761 26.5060240725651 559000
2009 "Mutschellen" 0.0603342 0.0149600000000003 0.0298338 0.0115760060964546 21.1385090220919 563000
2009 "Freiamt" 0.0237775 0.0198800000000006 0.0523291 0.0156395328809122 15.0169308932129 475000
2009 "Fricktal" 0.0218225 0.0138300000000005 0.0301991 0.0121525093540307 13.2263750042313 485000
2009 "Thurtal" 0.0071054 0.0125400000000013 0.0241461 0.0133179792720172 13.7107496507993 427000
2009 "Untersee" 0.0256929 0.01891 0.0288153 0.011940514527626 15.285469006616 454000
2009 "Oberthurgau" 0.022326 0.00814999999999877 0.0238514 0.0173497446641351 18.0529300110721 405000
2009 "Tre Valli" 0.0387101 0.00411000000000072 0.0804625 0.0101292159439334 55.890452332293 378000
2009 "Locarno" 0.0520678 0.00633999999999979 0.0766954 0.00499283972597438 56.1618501654607 579000
2009 "Bellinzona" 0.0426707 0.0129899999999985 0.0400362 0.0102697856386014 21.1039974595636 460000
2009 "Lugano" 0.0320425 0.0116899999999998 0.0704365 0.00470540615750462 25.2197252009393 549000
2009 "Mendrisio" 0.0634933 0.00427 0.0605383 0.0169804976462677 19.7186435576543 478000
2009 "Lausanne" 0.0619555 0.022079999999999 0.0119457 0.00153629211815348 35.2275025524773 714000
2009 "Morges" 0.0212784 0.0146499999999996 0.0296583 0.00327317763623496 12.411580021276 717000
2009 "Nyon" 0.0367174 0.0160299999999989 0.009387 0.0029600394671929 13.5629709359526 900000
2009 "Vevey" 0.0750089 0.0117199999999986 -0.0075026 0.00405305821665438 21.9452686106166 733000
2009 "Aigle" 0.0532699 0.01708 0.0247393 0.0158421760573905 31.654446460771 499000
2009 "Pays dEnhaut" -0.0698214 0.00152500000000089 0.1021967 0.00797486708554857 29.7488105864597 505000
2009 "Gros-de-Vaud" 0.0879445 0.0294800000000013 0.0385504 0.00444910807974816 7.70266160919196 513000
2009 "Yverdon" 0.0501881 0.0211400000000008 0.025279 0.00561145510835913 8.738241345728 450000
2009 "La Vallee" 0.0624967 0.00797399999999904 0.0077906 0.00404926607052472 6.82966658776989 369000
2009 "La Broye" 0.058393 0.021329999999999 0.0400286 0.00623260554270707 10.7662318103701 432000
2009 "Goms" -0.0387487 0.0055739999999993 0.1508417 0.0137987012987013 75.1623926823261 366000
2009 "Brig" 0.0108085 0.00779999999999959 0.1710606 0.00601056061116728 73.0493744961554 377000
2009 "Visp" 0.0108662 0.0040300000000002 0.1845131 0.00893401743747982 80.7249525507307 384000
2009 "Leuk" 0.0358176 0.00785499999999928 0.1279383 0.0107479710462821 62.7601615185351 368000
2009 "Sierre" 0.0929294 0.0133100000000006 0.1277676 0.0182680633594037 58.0227563159925 520000
2009 "Sion" 0.0495467 0.0136899999999986 0.1335058 0.00547133718658083 63.2688765417121 440000
2009 "Martigny" 0.0216484 0.02027 0.0949497 0.0121198262062657 67.2713306959963 528000
2009 "Monthey" 0.0080142 0.0183700000000009 0.0768156 0.00834620192661225 37.4603571232233 431000
2009 "Neuchatel" 0.026927 0.00605999999999973 0.0427561 0.00468191229060794 12.2223992590409 514000
2009 "La Chaux-de-Fonds" 0.0416489 0.00136999999999965 0.0194111 0.0221329639889197 8.20543136635696 354000
2009 "Val-de-Travers" 0.0586004 -0.000335999999999004 0.0395222 0.00876518529909273 5.91029338879269 333000
2009 "Geneve" 0.0097995 0.0159800000000008 -0.0130377 0.00218797876676709 36.6432086096896 1034000
2009 "Jura" 0.0004549 0.00445999999999991 0.0668058 0.0177632006234981 6.8477962700242 313000
